Ours

[0.0, 252.9290000000001, 508.1669999999999, 761.7729999999998, 1014.3369999999999, 1269.714, 1525.8210000000013, 1780.2600000000002, 2041.327, 2294.5830000000014, 2547.229000000001]
[0.0, 67.93099999999998, 136.68900000000005, 204.90899999999996, 272.873, 341.82599999999974, 410.84699999999975, 478.41799999999944, 545.7169999999992, 614.4039999999993, 683.3469999999988]
[0.0, 87.68, 176.52500000000018, 264.3910000000004, 351.67600000000044, 440.5170000000004, 529.5540000000005, 617.5560000000007, 705.0910000000007, 793.4930000000008, 881.8900000000015]


LHSYS

[0.0, 583.5619999999998, 1177.9439999999995, 1775.4589999999992, 2363.150999999999, 2955.1240000000016, 3544.9660000000003, 4139.720000000001, 4734.643000000002, 5323.277000000005, 5916.366000000005]
[0.0, 433.1989999999999, 874.9770000000001, 1324.3509999999994, 1761.291, 2202.5549999999994, 2642.469000000001, 3086.069000000001, 3527.901999999999, 3969.7139999999995, 4412.241999999998]
[0.0, 300.401, 607.8590000000002, 913.7990000000004, 1218.3970000000004, 1526.468000000001, 1832.5800000000008, 2141.3990000000017, 2446.5020000000045, 2752.068000000004, 3056.7800000000034]


QCHLZ20

[0.0, 549.2760000000001, 1099.5689999999997, 1648.5760000000005, 2199.3950000000004, 2763.6490000000017, 3311.0009999999993, 3867.659999999999, 4426.383999999999, 4999.264999999996, 5567.289999999998]
[0.0, 362.849, 734.7860000000004, 1104.6680000000003, 1472.0670000000002, 1840.5870000000014, 2211.704000000003, 2583.169000000003, 2956.3080000000045, 3333.303000000003, 3711.4470000000015]
[0.0, 66.418, 135.15600000000003, 203.26700000000005, 270.52599999999995, 336.72999999999985, 404.7649999999995, 473.41199999999924, 540.8989999999993, 609.5709999999991, 679.4179999999988]

LLW
[0.0, 295.52000000000004, 602.5389999999998, 901.5059999999997, 1221.4209999999994, 1531.5149999999992, 1830.8059999999984, 2156.7379999999976, 2427.8699999999994, 2687.5119999999974, 2965.6789999999987]
[0.0, 98.19199999999998, 193.2829999999999, 288.5049999999997, 391.5959999999995, 497.4809999999993, 594.9489999999988, 698.7349999999992, 790.7599999999994, 887.9499999999992, 983.5039999999992]
[0.0, 206.328, 408.65400000000005, 600.8550000000004, 805.6110000000006, 1025.2970000000007, 1228.5659999999998, 1447.9569999999997, 1649.4699999999993, 1859.207, 2055.191000000001]
